3.76   298.223
4.102   307.705
4.443   307.252
4.785   306.614
5.127   306.45
5.469   307.437
5.811   307.869
6.152   307.869
6.494   308.28
6.836   309
7.178   308.548
7.519   308.979
7.861   309.123
8.203   308.65
8.545   308.794
8.887   308.526
9.228   308.814
9.57   308.958
9.912   310.892
10.254   310.769
10.596   310.625
10.937   309.329
11.279   309.926
11.621   306.429
11.963   304.99
12.305   303.55
12.646   302.11
12.988   298.614
13.33   298.203
13.672   296.763
14.014   295.323
14.355   294.913
14.697   294.09
15.039   292.239
15.381   285.246
15.723   285.041
16.064   280.723
16.406   279.283
16.748   277.843
17.09   276.403
17.432   274.964
17.773   273.524
18.115   272.352
18.457   271.344
18.799   271.508
19.141   270.933
19.482   270.357
19.824   268.752
20.166   267.58
20.508   267.148
20.849   265.976
21.191   264.372
21.533   263.941
21.875   262.481
22.217   261.761
22.558   260.588
22.9   259.416
23.242   258.984
23.584   257.092
23.926   257.688
24.267   257.544
24.609   257.565
24.951   257.133
25.293   257.915
25.635   257.339
25.976   256.064
26.318   255.22
26.66   254.048
27.002   253.369
27.344   252.959
27.685   251.519
28.027   246.995
28.369   237.328
28.711   236.917
29.053   236.505
29.394   233.009
29.736   228.484
30.078   227.044
30.42   227.661
30.762   229.307
31.103   228.485
31.445   228.691
31.787   228.896
32.129   227.457
32.471   226.017
32.812   224.577
33.154   223.138
33.496   221.699
33.838   220.259
34.179   218.82
34.521   217.38
34.863   215.94
35.205   214.501
35.547   213.061
35.888   211.621
36.23   210.181
36.572   208.742
36.914   207.302
37.256   205.863
37.597   204.424
37.939   202.984
38.281   201.544
38.623   200.105
38.965   198.665
39.306   197.225
39.648   192.7
39.99   192.289
40.332   189.821
40.674   187.354
41.015   186.943
41.357   184.475
41.699   184.063
42.041   184.68
42.383   185.709
42.724   184.269
43.066   182.829
43.408   182.541
43.75   181.821
44.092   180.361
44.433   180.073
44.775   182.007
45.117   182.603
45.459   183.652
45.801   184.104
46.142   184.557
46.484   185.297
46.826   186.778
47.168   186.059
47.51   190.769
47.851   192.682
48.193   191.51
48.535   189.309
48.877   185.936
49.218   183.447
49.56   180.218
49.902   178.018
50.244   179.354
50.586   182.625
50.927   185.298
51.269   189
51.611   190.234
