3.76   297.864
4.102   300.94
4.443   300.33
4.785   299.471
5.127   299.25
5.469   299.194
5.811   299.776
6.152   299.776
6.494   300.33
6.836   298.529
7.178   299.305
7.519   299.886
7.861   294.538
8.203   291.13
8.545   291.324
8.887   290.963
9.228   284.424
9.57   283.233
9.912   283.068
10.254   284.287
10.596   284.093
10.937   278.191
11.279   276.224
11.621   277.055
11.963   275.116
12.305   275.947
12.646   274.007
12.988   270.682
13.33   270.128
13.672   268.189
14.014   253.78
14.355   249.071
14.697   247.963
15.039   245.469
15.381   249.903
15.723   244.084
16.064   242.423
16.406   236.327
16.748   231.616
17.09   229.677
17.432   222.196
17.773   217.485
18.115   215.906
18.457   197.923
18.799   175.978
19.141   173.817
19.482   153.645
19.824   152.869

