2.896   242.125
3.103   243.3
3.31   244.813
3.516   245.9
3.723   246.943
3.93   248.685
4.137   249.85
4.344   250.326
4.551   251.38
4.758   252.837
4.964   253.489
5.171   252.664
5.378   251.662
5.585   250.875
5.792   248.758
5.999   245.942
6.206   243.024
6.412   241.687
6.619   239.143
6.826   234.763
7.033   233.317
7.24   231.379
7.447   229.93
7.654   229.311
7.86   228.006
8.067   227.496
8.274   225.658
8.481   225.588
8.688   222.555
8.895   221.887
9.101   220.172
9.308   217.021
9.515   211.783
9.722   207.574
9.929   206.104
10.136   205.028
10.343   204.173
10.549   203.293
10.756   202.514
10.963   202.34
11.17   202.318
11.377   201.198
11.584   200.938
11.791   200.039
11.997   199.699
12.204   198.217
12.411   197.421
12.618   196.746
12.825   195.213
13.032   192.901
13.238   191.603
13.445   190.994
13.652   189.979
13.859   188.82
14.066   186.305
14.273   185.83
14.48   183.957
14.686   183.161
14.893   182.28
15.1   180.751
15.307   180.158
15.514   179.72
15.721   179.592
15.928   179.508
16.134   179.232
16.341   178.37
16.548   176.365
16.755   175.114
16.962   173.776
17.169   172.541
17.376   171.102
17.582   170.787
17.789   169.163
17.996   168.221
18.203   166.752
18.41   165.737
18.617   164.578
18.823   160.553
19.03   159.641
19.237   157.724
19.444   153.123
19.651   152.345
19.858   148.926

