2.896   240.466
3.103   241.915
3.31   244.489
3.516   245.237
3.723   246.525
3.93   247.609
4.137   248.217
4.344   249.868
4.551   250.933
4.758   250.602
4.964   251.405
5.171   251.925
5.378   254.118
5.585   251.018
5.792   246.278
5.999   244.697
6.206   243.227
6.412   241.935
6.619   240.926
6.826   240.253
7.033   239.297
7.24   238.858
7.447   238.762
7.654   239.263
7.86   238.352
8.067   238.23
8.274   238.173
8.481   238.088
8.688   237.988
8.895   234.362
9.101   229.23
9.308   223.808
9.515   222.313
9.722   220.787
9.929   220.015
10.136   219.859
10.343   219.655
10.549   219.529
10.756   219.23
10.963   219.062
11.17   218.798
11.377   218.481
11.584   217.924
11.791   217.051
11.997   216.396
12.204   215.868
12.411   213.821
12.618   208.732
12.825   207.077
13.032   204.697
13.238   203.096
13.445   200.217
13.652   198.965
13.859   197.535
14.066   196.563
14.273   195.976
14.48   195.795
14.686   194.814
14.893   194.79
15.1   193.97
15.307   193.238
15.514   192.698
15.721   192.54
15.928   192.436
16.134   192.095
16.341   192.097
16.548   191.752
16.755   191.274
16.962   190.689
17.169   189.165
17.376   187.39
17.582   187.002
17.789   185
17.996   183.836
18.203   182.026
18.41   180.773
18.617   180.644
18.823   179.582
19.03   178.457
19.237   177.391
19.444   178.22
19.651   177.26
19.858   176.236
20.065   174.646
20.271   173.651
20.478   172.939
20.685   171.999
20.892   170.889
21.099   170.006
21.306   169.183
21.513   168.266
21.719   168.11
21.926   167.599
22.133   167.348
22.34   167.201
22.547   166.744
22.754   166.698
22.961   166.653
23.167   166.328
