0.189   24.2434
0.353   38.3282
0.516   48.4471
0.68   52.4493
0.825   57.5605
1.007   59.3875
1.17   63.3673
1.316   65.3471
1.479   71.0778
1.661   74.5283
1.806   76.9885
1.988   83.3987
2.134   85.1219
2.297   89.9541
2.461   92.4036
2.624   93.1512
2.788   90.414
2.951   94.8279
3.133   96.5984
3.297   100.417
3.442   108.393
3.606   105.752
3.769   106.627
3.933   109.055
4.096   106.996
4.26   98.6518
4.423   95.4932
4.587   94.4884
4.751   96.8545
4.914   95.1758
5.078   85.3073
5.241   85.6128
5.405   78.6971
5.568   68.5447
5.732   68.2793
5.896   74.9305
6.059   85.5184
6.223   87.504
6.386   83.2612
6.532   75.7528
6.732   70.8258
6.877   62.3809
