0.189   24.4958
0.353   38.7279
0.516   48.9524
0.68   52.9953
0.825   58.1595
1.007   60.0048
1.17   64.0227
1.316   66.021
1.479   71.8091
1.661   75.2909
1.806   77.7732
1.988   84.2425
2.134   85.9824
2.297   90.8597
2.461   93.3273
2.624   94.0759
2.788   91.2983
2.951   95.7468
3.133   97.5273
3.297   101.376
3.442   109.442
3.606   106.761
3.769   107.643
3.933   110.096
4.096   108.009
4.26   99.5656
4.423   96.3649
4.587   95.351
4.751   97.7421
4.914   96.0382
5.078   86.0474
5.241   86.3502
5.405   79.3486
5.568   69.0649
5.732   68.796
5.896   75.534
6.059   86.2547
6.223   88.2646
6.386   83.9697
6.532   76.3669
6.732   71.3938
6.877   62.8389
