0.713   153.433
0.904   162.308
1.159   163.648
1.35   167.89
1.604   173.455
1.795   178.925
2.05   181.481
2.304   185.522
2.495   188.736
2.686   193.453
2.941   194.478
3.132   190.044
3.386   184.939
3.641   178.26
3.895   176.264
4.532   175.141
5.168   184.352
5.805   185.281
6.505   185.123
7.141   183.9
7.841   184.039
8.478   182.703
9.178   182.713
9.814   182.385
10.514   181.678
11.151   180.17
11.851   180.062
12.487   180.09
13.187   179.352
13.887   179.918
14.523   167.341
15.16   161.477
15.86   162.869
16.496   163.578
17.196   164.869
17.833   154.885
18.533   144.712
19.233   146.259
19.869   143.572

