0.713   148.087
0.904   157.322
1.159   167.974
1.35   174.703
1.604   180.493
1.795   186.186
2.05   188.845
2.304   193.05
2.495   196.394
2.686   201.303
2.941   202.37
3.132   197.755
3.386   192.444
3.641   190.122
3.895   189.202
4.532   186.876
5.168   190.675
5.805   192.799
6.505   193.792
7.141   194.833
7.841   193.821
8.478   192.431
9.178   191.284
9.814   189.786
10.514   190.207
11.151   189.795
11.851   189.683
12.487   188.554
13.187   187.787
13.887   187.219
14.523   186.86
15.16   184.23
15.86   182.207
16.496   179.473
17.196   177.345
17.833   175.056
18.533   173.727
19.233   173.023
19.869   170.227
20.506   169.889
21.206   168.532
21.778   168.918
22.542   167.053
23.179   166.633
23.815   166.718
24.515   164.509
25.151   162.01
25.851   159.488
26.552   156.521
27.2513   153.854
27.888   151.683
28.524   151.528
29.161   149.421
29.846   147.988
30.07   145.05
30.226   143.518
30.744   142.628
31.416   141.949
31.66   140.237
32.049   139.539
32.532   138.298
32.945   136.928
33.2   135.908
33.411   135.325
33.676   133.541
33.886   132.116
34.097   131.629
34.288   130.08
34.532   128.63
34.731   128.224
34.993   125.517
35.213   124.786
35.402   124.36
35.633   123.792
35.865   123.216
36.1   122.314
36.298   122.174
36.56   121.342
36.756   121.219
36.931   120.856
37.22   120.462
37.44   120.092
37.626   119.076
37.886   118.964
38.085   118.958
38.318   117.94
38.548   116.945
38.766   116.794
38.963   116.042
39.187   115.301
39.417   115.262
39.672   114.807
39.862   114.171
40.094   113.906
40.317   113.515
40.506   112.963
40.728   112.477
40.973   112.012
41.209   111.856
41.411   111.841
41.651   111.485
41.866   111.052
42.052   110.694
42.272   110.515
42.552   110.255
42.763   110.242
42.95   109.926
43.235   108.8
43.422   108.407
43.621   108.253
43.905   107.973
44.062   107.969
44.347   107.521
