1.50123	191.073
1.58025	192.926
2.40988	212.388
3.23951	221.047
3.35802	222.284
4.22716	221.586
4.30617	221.522
5.17531	222.22
5.25432	222.284
6.12346	223.679
6.20247	223.806
7.0321	225.891
7.11111	226.09
7.15062	226.09
7.90123	226.09
8.01975	226.09
8.84938	226.09
8.9284	226.09
8.9679	226.09
9.75802	226.09
9.91605	226.09
10.7457	224.005
10.8247	223.806
10.8642	223.616
11.6543	219.81
11.7333	219.429
11.7728	219.239
12.642	217.145
12.6815	217.05
12.721	216.955
13.5506	216.955
13.5901	216.955
13.6296	216.955
14.4593	215.623
14.5778	215.433
15.4469	210.548
15.5259	210.104
16.2765	207.588
16.3951	207.191
16.4346	207.059

