0.26667	24.0597
0.35556	28.5364
0.62222	41.9667
0.71111	44.7652
0.8	47.5636
1.06667	55.959
1.15556	57.9183
1.33333	61.8368
1.6	67.7147
1.77778	72.1927
1.95556	76.6707
2.13333	80.869
2.22222	82.9681
2.31111	85.0673
2.4	86.1874
2.48889	87.3075
2.84444	91.788
3.11111	98.0855
3.2	100.185
3.28889	102.424
3.37778	104.663
3.46667	106.902
3.55556	108.357
3.91111	114.181
4.26667	122.018
4.62222	127.841
4.71111	129.297
5.06667	134.896
5.15556	135.55
5.51111	138.166
5.6	138.82
5.86667	140.502
5.95556	141.062
6.4	142.933
6.48889	143.308
6.75556	143.311
7.11111	143.764
7.2	143.877
7.46667	143.881
7.55556	143.882
7.91111	145.565
8	145.753
8.44444	146.692
8.53333	146.972
8.8	147.815
9.15556	149.163
9.24444	149.5
9.33333	149.781
9.6	150.624
9.68889	150.905
9.95556	151.748
10.0444	151.973
10.3111	152.648
10.4	152.873
10.4889	153.014
10.6667	153.296
10.7556	153.437
10.8444	153.718
10.9333	153.999
11.1111	154.561
11.2	154.786
11.5556	155.686
11.6444	155.911
12	156.811
12.3556	158.494
12.4444	158.608
12.7111	158.947
12.8	159.06
12.8889	159.341
13.0667	159.903
13.1556	160.184
13.4222	159.768
13.5111	159.63
13.6	159.519
13.8667	159.187
13.9556	159.076
14.4	158.15
14.4889	157.965
14.7556	156.71
14.8444	156.292
15.0222	154.802
15.1111	154.057
15.2	153.819
15.5556	152.865
15.6444	152.626
15.7333	152.388
15.9111	151.644
16	151.273
16.3556	151.278
16.4444	151.279
16.7111	151.283
16.8	151.284
17.1556	151.289
17.2444	151.29
17.6	151.743
17.6889	151.856
17.9556	151.86
18.0444	151.861
18.4	151.866
18.4889	151.867
18.7556	152.29
18.8444	152.431
18.9333	152.572
19.2	152.996
19.2889	153.109
19.4667	153.335
19.5556	153.448
19.6444	153.561
19.7333	153.703
20	154.126
20.0889	153.987
20.3556	153.571
20.4444	153.573
20.8	153.578
20.8889	153.579
21.1556	153.163
21.2444	153.024
21.4222	152.467
21.5111	152.189
21.6	151.91
21.9556	151.915
22.0444	151.917
22.1333	151.918
22.3111	151.547
22.4	151.362
22.6667	150.946
22.7556	150.808
22.8444	150.809
23.0222	150.811
23.1111	150.813
23.2	150.814
23.4667	150.818
23.5556	150.819
23.6444	150.82
24	151.273
24.0889	151.386
24.4444	151.391
24.5333	151.392
24.8	151.396
24.8889	151.397
25.1556	150.729
25.2444	150.507
25.3333	150.284
25.6	150.708
25.6889	150.849
25.8667	150.105
25.9556	149.734
26.0444	149.623
26.3111	149.291
26.4	149.18
26.8444	149.653
26.9333	149.747
27.2	149.331
27.2889	149.193
27.6444	149.198
27.7333	149.199
28	148.364
28.0889	148.085
28.4444	147.531
28.8	147.536
28.8889	147.425
29.1556	147.093
29.2444	146.982
29.6	146.428
29.6889	146.429
29.9556	146.433
30.0444	146.434
30.1333	146.435
30.4	146.439
30.4889	146.44
30.8444	146.445
30.9333	146.447
31.2	146.031
31.2889	145.892
31.6444	147.016
32	147.469
32.0889	147.582
32.3556	147.585
32.4444	147.587
32.8889	148.059
32.9778	148.154
33.2444	148.157
33.3333	148.159
33.6	148.162
33.6889	148.163
33.9556	148.839
34.0444	149.064
34.1333	149.289
34.4889	149.741
34.5778	149.854
34.9333	150.419
35.2889	150.424
35.3778	150.425
35.5556	149.308
35.6444	148.75
35.7333	148.752
36	148.755
36.0889	148.756
36.3556	148.341
36.4444	148.202
36.7111	148.625
36.8	148.766
36.8889	149.047
37.2444	150.171
37.3333	150.452
37.6889	150.905
37.7778	151.018

