0.26667	20.1436
0.35556	24.6204
0.62222	38.0507
0.71111	42.5274
0.8	45.214
1.06667	53.2737
1.15556	55.9602
1.33333	60.662
1.6	67.7147
1.77778	72.1927
1.95556	76.6707
2.13333	80.0298
2.22222	81.7094
2.31111	83.389
2.4	85.0685
2.48889	86.5243
2.84444	92.3475
3.11111	96.7148
3.2	98.1706
3.28889	99.6264
3.37778	106.9
3.46667	108.114
3.55556	109.327
3.91111	114.181
4.26667	122.018
4.62222	127.393
4.71111	128.737
5.06667	130.756
5.15556	131.261
5.51111	133.28
5.6	133.785
5.86667	135.467
5.95556	136.027
6.4	137.432
6.48889	137.713
6.75556	138.276
7.11111	138.281
7.2	138.283
7.46667	138.706
7.55556	138.847
7.91111	139.299
8	139.413
8.44444	140.538
8.53333	140.959
8.8	142.221
9.15556	141.853
9.24444	141.761
9.33333	141.669
9.6	141.673
9.68889	141.674
9.95556	141.678
10.0444	141.679
10.3111	142.018
10.4	142.131
10.4889	142.245
10.6667	142.247
10.7556	142.248
10.8444	142.25
10.9333	142.251
11.1111	142.813
11.2	142.814
11.5556	142.819
11.6444	142.82
12	145.063
12.3556	145.068
12.4444	145.069
12.7111	145.744
12.8	145.969
12.8889	146.194
13.0667	146.943
13.1556	147.317
13.4222	146.985
13.5111	146.874
13.6	146.764
13.8667	145.089
13.9556	144.531
14.4	143.138
14.4889	142.86
14.7556	141.185
14.8444	140.627
15.0222	138.392
15.1111	138.113
15.2	137.835
15.5556	136.721
15.6444	136.387
15.7333	136.052
15.9111	135.383
16	135.049
16.3556	133.376
16.4444	133.237
16.7111	132.821
16.8	132.599
17.1556	131.708
17.2444	131.262
17.6	129.477
17.6889	129.198
17.9556	128.363
18.0444	128.14
18.4	127.25
18.4889	126.972
18.7556	126.136
18.8444	126.026
18.9333	125.915
19.2	125.583
19.2889	125.445
19.4667	125.167
19.5556	125.029
19.6444	124.918
19.7333	124.807
20	124.476
20.0889	124.337
20.3556	123.921
20.4444	123.699
20.8	122.808
20.8889	122.67
21.1556	122.254
21.2444	122.115
21.4222	121.838
21.5111	121.699
21.6	121.421
21.9556	120.307
22.0444	120.029
22.1333	119.75
22.3111	119.193
22.4	118.915
22.6667	117.8
22.7556	117.661
22.8444	117.522
23.0222	117.245
23.1111	117.023
23.2	116.8
23.4667	116.132
23.5556	115.947
23.6444	115.762
24	115.021
24.0889	115.022
24.4444	115.027
24.5333	115.028
24.8	115.032
24.8889	115.033
25.1556	115.037
25.2444	115.038
25.3333	114.928
25.6	114.596
25.6889	114.485
25.8667	114.861
25.9556	115.048
26.0444	115.05
26.3111	115.053
26.4	115.055
26.8444	114.501
26.9333	114.363
27.2	113.947
27.2889	113.948
27.6444	113.953
27.7333	113.814
28	113.399
28.0889	113.288
28.4444	112.845
28.8	112.291
28.8889	112.152
29.1556	111.736
29.2444	111.514
29.6	110.624
29.6889	110.485
29.9556	110.069
30.0444	109.977
30.1333	109.885
30.4	109.609
30.4889	109.517
30.8444	108.963
30.9333	108.824
31.2	108.408
31.2889	108.298
31.6444	107.855
32	107.301
32.0889	107.302
32.3556	107.306
32.4444	107.214
32.8889	106.754
32.9778	106.615
33.2444	106.199
33.3333	106.2
33.6	106.204
33.6889	106.066
33.9556	105.65
34.0444	105.651
34.1333	105.652
34.4889	105.657
34.5778	105.547
34.9333	105.104
35.2889	105.109
35.3778	105.11
35.5556	105.113
35.6444	105.114
35.7333	105.115
36	105.119
36.0889	104.98
36.3556	104.564
36.4444	104.566
36.7111	104.569
36.8	104.571
36.8889	104.46
37.2444	104.017
37.3333	103.907
37.6889	103.464
37.7778	103.354

