1.50123	191.834
1.58025	193.025
2.40988	205.536
3.23951	212.197
3.35802	213.149
4.22716	208.962
4.30617	208.581
5.17531	209.279
5.25432	209.343
6.12346	203.062
6.20247	202.491
7.0321	203.157
7.11111	203.221
7.15062	203.253
7.90123	199.308
8.01975	198.685
8.84938	197.353
8.9284	197.226
8.9679	197.163
9.75802	193.356
9.91605	192.595
10.7457	189.815
10.8247	189.55
10.8642	189.054
11.6543	179.124
11.7333	178.131
11.7728	178.068
12.642	176.672
12.6815	176.609
12.721	176.055
13.5506	164.429
13.5901	163.9
13.6296	163.37
14.4593	152.249
14.5778	149.965
15.4469	133.218
15.5259	132.275
16.2765	123.322
16.3951	121.908
16.4346	121.437

