0.26667	27.4163
0.35556	32.3127
0.62222	47.0017
0.71111	49.3526
0.8	51.7035
1.06667	58.7562
1.15556	61.1817
1.33333	66.0326
1.6	73.3091
1.77778	78.3465
1.95556	83.384
2.13333	87.862
2.22222	90.101
2.31111	91.3011
2.4	92.5011
2.48889	93.7011
2.84444	98.5013
3.11111	104.659
3.2	105.891
3.28889	107.123
3.37778	108.355
3.46667	109.587
3.55556	110.819
3.91111	116.978
4.26667	125.934
4.62222	132.652
4.71111	133.865
5.06667	138.719
5.15556	139.932
5.51111	144.413
5.6	145.533
5.86667	147.215
5.95556	147.776
6.4	148.248
6.48889	148.343
6.75556	147.227
7.11111	147.68
7.2	147.793
7.46667	150.034
7.55556	150.371
7.91111	151.719
8	151.907
8.44444	152.845
8.53333	152.986
8.8	153.41
9.15556	153.974
9.24444	153.975
9.33333	153.977
9.6	153.98
9.68889	154.261
9.95556	155.104
10.0444	155.245
10.3111	155.669
10.4	155.856
10.4889	156.044
10.6667	156.42
10.7556	156.607
10.8444	156.795
10.9333	157.216
11.1111	158.057
11.2	158.478
11.5556	158.931
11.6444	159.044
12	160.168
12.3556	160.62
12.4444	160.733
12.7111	162.416
12.8	162.417
12.8889	162.418
13.0667	162.421
13.1556	162.422
13.4222	162.425
13.5111	162.427
13.6	162.316
13.8667	161.984
13.9556	161.874
14.4	160.481
14.4889	160.203
14.7556	159.647
14.8444	159.424
15.0222	158.979
15.1111	158.757
15.2	158.534
15.5556	157.644
15.6444	157.422
15.7333	156.863
15.9111	155.747
16	155.748
16.3556	155.753
16.4444	155.754
16.7111	155.758
16.8	155.759
17.1556	156.324
17.2444	156.101
17.6	155.211
17.6889	155.324
17.9556	155.664
18.0444	155.777
18.4	155.782
18.4889	155.783
18.7556	156.206
18.8444	156.347
18.9333	156.349
19.2	156.352
19.2889	156.913
19.4667	158.034
19.5556	158.036
19.6444	158.037
19.7333	158.038
20	158.042
20.0889	158.043
20.3556	158.047
20.4444	158.048
20.8	157.606
20.8889	157.495
21.1556	157.079
21.2444	156.94
21.4222	156.197
21.5111	155.825
21.6	155.547
21.9556	154.433
22.0444	154.154
22.1333	154.156
22.3111	154.158
22.4	154.253
22.6667	154.536
22.7556	154.631
22.8444	154.725
23.0222	154.448
23.1111	154.309
23.2	154.171
23.4667	154.174
23.5556	154.176
23.6444	154.177
24	154.182
24.0889	154.183
24.4444	154.636
24.5333	154.749
24.8	154.333
24.8889	154.194
25.1556	154.198
25.2444	154.199
25.3333	153.977
25.6	153.309
25.6889	153.087
25.8667	153.089
25.9556	153.09
26.0444	153.092
26.3111	153.095
26.4	153.097
26.8444	153.103
26.9333	153.244
27.2	153.667
27.2889	153.556
27.6444	153.114
27.7333	152.891
28	152.224
28.0889	152.001
28.4444	152.566
28.8	151.676
28.8889	151.453
29.1556	151.037
29.2444	150.899
29.6	151.351
29.6889	151.464
29.9556	151.468
30.0444	151.469
30.1333	151.47
30.4	151.474
30.4889	151.475
30.8444	151.48
30.9333	151.202
31.2	150.366
31.2889	150.591
31.6444	151.492
32	151.497
32.0889	151.498
32.3556	152.341
32.4444	152.622
32.8889	152.628
32.9778	152.629
33.2444	152.633
33.3333	152.634
33.6	153.197
33.6889	153.478
33.9556	154.321
34.0444	154.602
34.1333	154.883
34.4889	155.447
34.5778	155.337
34.9333	154.894
35.2889	154.899
35.3778	154.9
35.5556	154.064
35.6444	153.645
35.7333	153.227
36	153.231
36.0889	153.232
36.3556	152.816
36.4444	152.678
36.7111	152.681
36.8	152.683
36.8889	152.684
37.2444	153.136
37.3333	153.249
37.6889	153.702
37.7778	153.815

