1.50123	203.253
1.58025	204.444
2.40988	216.955
3.23951	225.614
3.35802	226.851
4.22716	225.456
4.30617	225.329
5.17531	226.027
5.25432	226.09
6.12346	226.788
6.20247	226.851
7.0321	228.241
7.11111	228.374
7.15062	228.407
7.90123	229.036
8.01975	229.135
8.84938	228.469
8.9284	228.405
8.9679	228.374
9.75802	229.008
9.91605	229.135
10.7457	227.137
10.8247	226.946
10.8642	226.851
11.6543	224.203
11.7333	223.939
11.7728	223.806
12.642	221.015
12.6815	220.888
12.721	220.761
13.5506	220.761
13.5901	220.761
13.6296	220.761
14.4593	219.429
14.5778	219.239
15.4469	214.354
15.5259	213.91
16.2765	211.395
16.3951	210.997
16.4346	210.865

