0.26667	1.68205
0.35556	2.6157
0.62222	5.41663
0.71111	6.35027
0.8	7.28392
1.06667	8.96597
1.15556	9.52665
1.33333	10.648
1.6	12.3301
1.77778	13.4514
1.95556	14.5728
2.13333	15.6942
2.22222	16.2549
2.31111	16.8155
2.4	17.3762
2.48889	17.9369
2.84444	20.1796
3.11111	21.8617
3.2	22.4224
3.28889	22.8432
3.37778	23.264
3.46667	23.6848
3.55556	24.1057
3.91111	25.2295
4.26667	26.3534
4.62222	28.1486
4.71111	28.5974
5.06667	30.3925
5.15556	30.8413
5.51111	33.6435
5.6	34.2042
5.86667	35.8862
5.95556	36.2605
6.4	38.1315
6.48889	38.5523
6.75556	39.8148
7.11111	42.0575
7.2	42.6182
7.46667	44.3002
7.55556	44.8609
7.91111	46.6561
8	47.1049
8.44444	48.5097
8.53333	48.7907
8.8	51.0322
9.15556	51.9322
9.24444	52.1573
9.33333	52.4382
9.6	53.2811
9.68889	53.7019
9.95556	54.9644
10.0444	55.3013
10.3111	56.312
10.4	56.649
10.4889	56.8367
10.6667	57.2121
10.7556	57.4371
10.8444	57.6622
10.9333	57.8872
11.1111	58.3372
11.2	58.5622
11.5556	59.4623
11.6444	59.6873
12	60.5874
12.3556	61.7113
12.4444	61.9922
12.7111	62.8351
12.8	62.9762
12.8889	63.1173
13.0667	63.3995
13.1556	63.6805
13.4222	64.5234
13.5111	64.8603
13.6	65.1972
13.8667	66.2079
13.9556	66.4889
14.4	67.8937
14.4889	68.3145
14.7556	69.577
14.8444	69.9978
15.0222	70.8395
15.1111	71.2603
15.2	71.448
15.5556	72.1989
15.6444	72.3866
15.7333	72.6676
15.9111	73.2295
16	73.5105
16.3556	74.8581
16.4444	75.195
16.7111	76.3176
16.8	76.5427
17.1556	77.4427
17.2444	77.7796
17.6	79.1273
17.6889	79.4082
17.9556	80.2511
18.0444	80.4389
18.4	81.1897
18.4889	81.3775
18.7556	82.0525
18.8444	82.2775
18.9333	82.5026
19.2	82.9259
19.2889	83.067
19.4667	83.517
19.5556	83.742
19.6444	83.9671
19.7333	84.1921
20	84.1958
20.0889	84.4768
20.3556	85.3197
20.4444	85.4328
20.8	85.8853
20.8889	86.0264
21.1556	86.4497
21.2444	86.8239
21.4222	87.5723
21.5111	87.7601
21.6	87.9478
21.9556	88.6987
22.0444	88.8398
22.1333	88.9809
22.3111	89.2631
22.4	89.4042
22.6667	89.8275
22.7556	90.0525
22.8444	90.2775
23.0222	90.7276
23.1111	90.9526
23.2	91.2336
23.4667	92.0765
23.5556	92.3574
23.6444	92.6384
24	93.0909
24.0889	93.204
24.4444	93.7685
24.5333	93.9096
24.8	94.3329
24.8889	94.3341
25.1556	94.3378
25.2444	94.3391
25.3333	94.3403
25.6	94.3441
25.6889	94.5318
25.8667	94.9072
25.9556	95.0204
26.0444	95.1335
26.3111	95.4729
26.4	95.5674
26.8444	96.0398
26.9333	96.1809
27.2	96.6042
27.2889	96.7173
27.6444	97.1699
27.7333	97.3949
28	98.0699
28.0889	98.2949
28.4444	98.8594
28.8	98.8643
28.8889	98.9775
29.1556	99.3169
29.2444	99.43
29.6	99.9944
29.6889	100.136
29.9556	100.559
30.0444	100.784
30.1333	101.009
30.4	101.684
30.4889	101.909
30.8444	102.809
30.9333	102.95
31.2	103.373
31.2889	103.487
31.6444	103.939
32	103.944
32.0889	103.945
32.3556	104.369
32.4444	104.51
32.8889	104.982
32.9778	105.077
33.2444	105.5
33.3333	105.641
33.6	105.645
33.6889	105.646
33.9556	106.489
34.0444	106.77
34.1333	106.771
34.4889	106.776
34.5778	106.777
34.9333	107.342
35.2889	107.347
35.3778	107.534
35.5556	107.91
35.6444	107.911
35.7333	107.912
36	107.916
36.0889	107.917
36.3556	107.921
36.4444	108.062
36.7111	108.485
36.8	108.647
36.8889	108.808
37.2444	109.452
37.3333	109.613
37.6889	109.618
37.7778	109.619

