1.50123	25.8099
1.58025	27.4048
2.40988	44.1522
3.23951	58.6159
3.35802	60.2602
4.22716	72.3183
4.30617	73.143
5.17531	82.2145
5.25432	83.0392
6.12346	92.1107
6.20247	92.7065
7.0321	98.9619
7.11111	99.5848
7.15062	99.8962
7.90123	105.813
8.01975	106.384
8.84938	110.381
8.9284	110.91
8.9679	111.175
9.75802	116.471
9.91605	117.323
10.7457	121.799
10.8247	122.329
10.8642	122.594
11.6543	127.889
11.7333	128.255
11.7728	128.437
12.642	132.457
12.6815	132.806
12.721	133.155
13.5506	140.482
13.5901	140.83
13.6296	141.165
14.4593	148.199
14.5778	149.204
15.4469	159.862
15.5259	160.623
16.2765	167.855
16.3951	168.997
16.4346	169.377

