0.26667   19.9777
0.35556   24.4857
0.62222   38.0606
0.71111   42.5934
0.8   45.3892
1.06667   53.5602
1.15556   56.2844
1.33333   61.0836
1.6   68.2857
1.77778   72.8726
1.95556   77.4609
2.13333   80.9721
2.22222   82.729
2.31111   84.4866
2.4   86.2448
2.48889   87.7888
2.84444   93.9734
3.11111   98.6198
3.2   100.17
3.28889   101.681
3.37778   108.756
3.46667   110.034
3.55556   111.311
3.91111   116.268
4.26667   124.082
4.62222   129.721
4.71111   131.132
5.06667   133.571
5.15556   134.183
5.51111   136.952
5.6   137.607
5.86667   139.74
5.95556   140.392
6.4   142.343
6.48889   142.752
6.75556   143.72
7.11111   144.536
7.2   144.747
7.46667   145.781
7.55556   146.13
7.91111   147.261
8   147.547
8.44444   149.159
8.53333   149.662
8.8   151.763
9.15556   151.816
9.24444   151.83
9.33333   151.87
9.6   152.247
9.68889   152.436
9.95556   153.011
10.0444   153.167
10.3111   153.94
10.4   154.199
10.4889   154.389
10.6667   154.567
10.7556   154.674
10.8444   154.783
10.9333   154.891
11.1111   155.608
11.2   155.716
11.5556   156.155
11.6444   156.265
12   158.701
12.3556   159.256
12.4444   159.396
12.7111   160.413
12.8   160.683
12.8889   160.952
13.0667   161.756
13.1556   162.228
13.4222   162.358
13.5111   162.431
13.6   162.506
13.8667   161.558
13.9556   161.217
14.4   160.75
14.4889   160.736
14.7556   159.982
14.8444   159.736
15.0222   158.3
15.1111   158.303
15.2   158.174
15.5556   157.665
15.6444   157.493
15.7333   157.375
15.9111   157.144
16   157.031
16.3556   156.447
16.4444   156.537
16.7111   156.884
16.8   156.841
17.1556   156.672
17.2444   156.519
17.6   155.929
17.6889   155.886
17.9556   155.763
18.0444   155.707
18.4   155.492
18.4889   155.395
18.7556   155.184
18.8444   155.248
18.9333   155.313
19.2   155.338
19.2889   155.325
19.4667   155.414
19.5556   155.46
19.6444   155.527
19.7333   155.595
20   155.339

