0.721   63.9567
1.084   126.427
1.52   146.011
1.882   158.539
2.245   188.948
2.68   191.931
3.043   201.936
3.406   209.595
3.841   210.099
4.204   211.17
4.567   209.55
5.728   205.4
6.889   200.441
8.05   191.532
9.211   188.003
10.444   184.155
11.533   181.045
12.694   173.226
13.927   171.084
15.016   168.261
16.249   164.551
17.41   157.187
18.571   153.251
19.732   150.376
20.82   148.584
22.054   147.256
23.142   145.898
24.303   146.06
25.537   140.488
26.77   133.956
27.859   133.11
29.02   128.624
