0.3	125.
0.6	125.
0.8	126.
1.0	130.
2.0	130.
2.8	130.
3.76   130.984
4.102   131.247
4.443   132.813
4.785   132.217
5.127   132.641
5.469   135.045
5.811   135.47
6.152   135.47
6.494   136.884
6.836   137.591
7.178   138.157
7.519   138.581
7.861   139.722
8.203   140.278
8.545   140.419
8.887   139.146
9.228   139.429
9.57   138.571
9.912   138.439
10.254   137.308
10.596   137.167
10.937   135.894
11.279   135.47
11.621   134.055
11.963   134.641
12.305   134.227
12.646   134.813
12.988   134.398
13.33   131.984
13.672   130.57
14.014   130.156
14.355   129.742
14.697   128.913
15.039   128.085
15.381   128.256
15.723   127.014
16.064   127.771
16.406   127.357
16.748   125.943
17.09   124.528
17.432   124.114
17.773   121.7
18.115   121.559
18.457   120.569
18.799   119.72
19.141   118.154
19.482   117.989
19.824   117.823
20.166   117.812
20.508   117.457
20.849   117.316
21.191   116.75
21.533   116.326
21.875   116.302
22.217  116.195
22.558   116.053
22.9   115.912
23.242   115.488
23.584   115.639
23.926   116.015
24.267   116.073
24.609   116.083
24.951   116.259
25.293   115.396
25.635   114.831
25.976   114.768
26.318   113.93
26.66   112.088
27.002   111.901
27.344   110.487
27.685   110.073
28.027   109.658
28.369   108.244
28.711   107.83
29.053   100.416
29.394   100.002
29.736   99.587
30.078   99.173
30.42   99.759
30.762   99.345
31.103   100.716
31.445   100.888
31.787   101.56
32.129   102.445
32.471   101.031
32.812   100.617
33.154   99.203
33.496   99.788
33.838   99.374
34.179   98.96
34.521   98.546
34.863   98.132
35.205   97.717
35.547   97.303
35.888   96.889
36.23   95.475
36.572   94.061
36.914   93.646
37.256   92.232
37.597   91.818
37.939   87.404
38.281   85.99
38.623   84.575
38.965   81.161
39.306   77.747
39.648   75.333
39.99   74.918
40.332   68.504
40.674   65.09
41.015   63.676
41.357   62.262
41.699   60.847
42.041   57.433
42.383   57.433
42.724   56.019
43.066   55.605
43.408   54.322
43.75   54.615
44.092   54.191
44.433   54.908
44.775   54.776
45.117   54.352
45.459   54.362
45.801   53.796
46.142   53.231
46.484   53.048
46.826   53.022
47.168   53.015
47.51   52.251
47.851   52.109
48.193   51.968
48.535   51.827
48.877   51.544
49.218   51.119
49.56   50.978
49.902   50.837
50.244   52.73
50.586   52.691
50.927   50.177
51.269   50.063
51.611   50.048
