3.76   230
4.102   230.55
4.443   230.78
4.785   230.16
5.127   230.00
5.469   230.96
5.811   235.38
6.152   236.38
6.494   237.78
6.836   238.48
7.178   239.04
7.519   240.459
7.861   240.599
8.203   239.139
8.545   237.279
8.887   235.019
9.228   234.299
9.57   234.439
9.912   234.32
10.254   235.2
10.596   235.06
10.937   235.8
11.279   235.38
11.621   235.98
11.963   235.58
12.305   235.18
12.646   235.78
12.988   235.38
13.33   235.98
13.672   234.58
14.014   233.18
14.355   232.781
14.697   231.981
15.039   230.181
15.381   237.381
15.723   237.181
16.064   232.982
16.406   231.582
16.748   230.182
17.09   225.782
17.432   220.382
17.773   220.982
18.115   222.842
18.457   220.862
18.799   229.022
19.141   228.462
19.482   227.902
19.824   226.342
20.166   225.202
20.508   224.782
20.849   224.642
21.191   224.082
21.533   223.663
21.875   223.243
22.217   222.543
22.558   222.403
22.9   222.263
23.242   230.843
23.584   230.003
23.926   239.583
24.267   239.443
24.609   238.463
24.951   238.043
25.293   237.803
25.635   232.243
25.976   235.003
26.318   235.183
26.66   234.043
27.002   233.383
27.344   232.984
27.685   230.584
28.027   230.184
28.369   220.784
28.711   220.384
29.053   219.984
29.394   216.584
29.736   212.184
30.078   210.784
30.42   211.384
30.762   212.984
31.103   212.185
31.445   212.385
31.787   212.585
32.129   211.185
32.471   209.785
32.812   208.385
33.154   206.985
33.496   205.586
33.838   204.186
34.179   202.786
34.521   201.386
34.863   200.986
35.205   200.586
35.547   200.186
35.888   200.786
36.23   200.386
36.572   200.986
36.914   200.586
37.256   200.187
37.597   198.787
37.939   197.387
38.281   195.987
38.623   194.587
38.965   193.187
39.306   191.787
39.648   190.387
39.99   188.987
40.332   187.587
40.674   186.188
41.015   184.788
41.357   183.388
41.699   181.988
42.041   180.588
42.383   180.588
42.724   179.188
43.066   177.788
43.408   177.508
43.75   176.808
44.092   174.388
44.433   174.108
44.775   173.988
45.117   173.568
45.459   173.588
45.801   173.028
46.142   172.468
46.484   172.188
46.826   171.628
47.168   170.929
47.51   169.509
47.851   169.369
48.193   169.229
48.535   169.089
48.877   168.809
49.218   168.389
49.56   168.249
49.902   168.109
50.244   168.409
50.586   167.589
50.927   167.189
51.269   166.789
51.611   166.389
