0.57   22.46242
0.73   20.89602
0.86   15.12964
0.99   17.78002
1.03   18.79035
1.26   21.6137
1.36   21.0259
1.52   23.2576
1.66   27.1488
1.79   26.9462
1.92   24.9166
2.05   24.2728
2.18   26.6301
2.33   27.431
2.46   30.5751
2.6   32.0285
2.72   32.9803
2.82   36.7384
3   37.5906
3.12   39.1906
3.26   41.5612
3.4   41.6246
3.52   41.9322
3.64   39.7992
3.8   41.3699
3.9   41.9699
4.05   43.373
4.15   44.4504
4.31   45.2512
4.41   46.5689
4.56   49.3577
4.7   54.0877
4.8   57.599
4.91   60.7181
5.05   61.6352
5.2   62.4514
5.3   62.3904
5.45   62.5004
5.59   57.5059
5.7   54.3654
5.83   50.9361
6   49.9059
6.13   45.4904
6.2   42.6352
6.35   47.4241
6.5   57.2224
6.63   59.0461
6.75   57.0695
6.85   60.3762
7.05   64.6349
7.16   65.8163
7.25   69.844
7.39   71.1633
7.5   73.746
7.62   74.9681
7.8   76.8015
7.9   76.8245
8   76.0338
8.15   81.2141
8.3   80.0099
8.41   80.2407
8.54   80.5805
8.7   80.4393
8.85   80.2545
8.92   80.5571
9.1   80.2674
9.302   76.3343
9.421   75.8051
9.553   76.1762
9.685   77.977
9.818   80.3681
9.95   81.2408
10.082   79.3603
10.228   76.5506
10.347   75.2553
10.479   72.4774
10.612   74.4345
10.744   74.3635
10.876   71.2231
11.009   68.5129
11.154   72.3033
11.286   71.236
11.432   68.5151
11.564   67.1334
11.67   67.1036
11.816   69.5403
11.935   70.4253
12.08   68.6827
12.213   69.117
12.345   67.8427
12.477   59.2621
12.61   57.0191
12.755   56.7647
12.888   55.9451
13.007   54.437
