0.362   27.4288
0.774   43.4162
1.152   53.6991
1.599   61.6968
2.017   76.5498
2.368   81.1199
2.837   89.1176
3.206   92.5453
3.584   99.4006
3.992   106.608
4.368   113.221
4.774   123.812
5.147   125.646
5.584   130.408
5.9505   132.009
6.468   131.236
6.801   131.714
7.179   131.696
7.54   131.873
8.0035   132.004
8.422   132.326
8.778   133.503
9.2195   134.1
9.611   134.106
9.99   134.462
10.428   134.873
10.8135   135.048
11.233   134.898
11.611   134.958
12.078   135.027
12.395   135.192
12.8   135.685
13.151   135.924
13.5975   136.079
13.99   133.235
14.471   131.247
14.8405   126.436
15.179   125.625
15.709   119.762
16.039   117.804
16.4085   117.065
16.8135   115.817
17.206   114.869
17.689   114.787
18.07   113.888
18.449   113.741
18.927   113.712
19.2465   113.216
19.6785   112.844

