0.362   23.79
0.774   44.6789
1.152   57.1097
1.599   65.9372
2.017   78.0082
2.368   84.1333
2.837   89.7184
3.206   93.5018
3.584   103.23
3.992   106.862
4.368   123.889
4.774   128.012
5.147   130.037
5.584   132.05
5.9505   134.898
6.468   136.207
6.801   137.816
7.179   138.877
7.54   139.073
8.0035   139.216
8.422   139.572
8.778   140.871
9.2195   141.53
9.611   141.515
9.99   140.848
10.428   141.302
10.8135   141.496
11.233   142.411
11.611   142.261
12.078   144.715
12.395   143.816
12.8   145.441
13.151   145.706
13.5975   146.957
13.99   144.898
14.471   142.704
14.8405   141.717
15.179   138.661
15.709   136.513
16.039   134.352
16.4085   133.535
16.8135   132.159
17.206   131.112
17.689   128.86
18.07   127.868
18.449   126.625
18.927   125.511
19.2465   124.965
19.6785   124.554
20.082   124.041
20.503   123.167
20.881   122.532
21.32   121.841
21.611   120.717
22.1375   119.601
22.475   118.677
22.8135   117.373
23.3   116.106
23.6515   115.064
24.1105   114.447
24.538   114.239
24.908   114.336
25.3265   114.295
25.776   114.541
26.07   114.453
26.518   114.219
26.9215   113.958
27.259   113.616
27.756   113.166
28.168   112.7
28.53   112.227
28.881   111.729
29.324   111.182
29.7325   110.213
30.178   109.517
30.561   108.681
30.9755   108.182
31.313   108.06
31.716   107.244
32.124   107.059
32.5425   106.572
32.954   106.066
33.3535   105.619
33.705   105.256
34.124   104.983
34.5425   104.833
34.962   104.899
35.34   104.972
35.7585   104.717
36.151   104.466
36.5695   104.006
36.9215   103.986
37.3805   103.524
37.772   103.288

