0.721   63.9569
1.084   126.427
1.52   146.012
1.882   158.54
2.245   188.949
2.68   191.932
3.043   201.937
3.406   209.596
3.841   210.1
4.204   211.171
4.567   209.551
5.728   205.401
6.889   200.442
8.05   191.533
9.211   188.004
10.444   184.156
11.533   181.046
12.694   173.227
13.927   171.085
15.016   168.262
16.249   164.552
17.41   157.188
18.571   153.252
19.732   150.377
20.82   148.585
22.054   147.257
23.142   145.899
24.303   146.061
25.537   140.488
26.77   133.956
27.859   133.11
29.02   128.624

