0.721 0.0307498
1.084 0.0761479
1.52 0.141776
1.882 0.186256
2.245 0.22947
2.68 0.279755
3.043 0.31361
3.406 0.345531
3.841 0.378469
4.204 0.401978
4.567 0.422322
5.728 0.470794
6.889 0.504195
8.05 0.527765
9.211 0.545044
10.444 0.560552
11.533 0.57255
12.694 0.582872
13.927 0.592048
15.016 0.599249
16.249 0.606582
17.41 0.612505
18.571 0.617582
19.732 0.622329
0.721   62.9183
1.084   124.374
1.52   143.641
1.882   155.964
2.245   185.88
2.68   188.815
3.043   198.657
3.406   206.192
3.841   206.688
4.204   207.741
4.567   206.148
5.728   202.065
6.889   197.186
8.05   188.422
9.211   184.951
10.444   182.201
11.533   179.142
12.694   170.413
13.927   166.233
15.016   163.456
16.249   158.77
17.41   151.525
18.571   147.653
19.732   147.935
