3.76   215
4.102   217.22
4.443   216.78
4.785   216.16
5.127   216.00
5.469   215.96
5.811   216.38
6.152   216.38
6.494   216.78
6.836   215.48
7.178   216.04
7.519   216.459
7.861   212.599
8.203   210.139
8.545   210.279
8.887   210.019
9.228   205.299
9.57   204.439
9.912   204.32
10.254   205.2
10.596   205.06
10.937   200.8
11.279   199.38
11.621   199.98
11.963   198.58
12.305   199.18
12.646   197.78
12.988   195.38
13.33   194.98
13.672   193.58
14.014   183.18
14.355   179.781
14.697   178.981
15.039   177.181
15.381   180.381
15.723   176.181
16.064   174.982
16.406   170.582
16.748   167.182
17.09   165.782
17.432   160.382
17.773   156.982
18.115   155.842
18.457   142.862
18.799   127.022
19.141   125.462
19.482   110.902
19.824   110.342
20.166   110.202
20.508   110.782
20.849   110.642
21.191   110.082
21.533   110.663
21.875   110.243
22.217   110.543
22.558   90.403
22.9   90.263
23.242   91.843
23.584   89.003
23.926   88.583
24.267   88.443
24.609   87.463
24.951   86.043
25.293   85.803
25.635   84.243
25.976   83.003
26.318   82.183
26.66   81.043
27.002   81.383
27.344   102.984
27.685   100.584
28.027   100.184
28.369   100.784
28.711   100.384
29.053   109.984
29.394   106.584
29.736   102.184
30.078   100.784
30.42   101.384
30.762   102.984
31.103   102.185
31.445   102.385
31.787   102.585
32.129   101.185
32.471   119.785
32.812   118.385
33.154   116.985
33.496   115.586
33.838   114.186
34.179   112.786
34.521   111.386
34.863   109.986
35.205   108.586
35.547   107.186
35.888   105.786
36.23   104.386
36.572   102.986
36.914   101.586
37.256   100.187
37.597   98.787
37.939   97.387
38.281   95.987
38.623   94.587
38.965   93.187
39.306   91.787
39.648   90.387
39.99   88.987
40.332   87.587
40.674   86.188
41.015   84.788
41.357   83.388
41.699   81.988
42.041   80.588
42.383   80.588
42.724   79.188
43.066   77.788
43.408   77.508
43.75   76.808
44.092   74.388
44.433   74.108
44.775   73.988
45.117   73.568
45.459   73.588
45.801   73.028
46.142   72.468
46.484   72.188
46.826   71.628
47.168   70.929
47.51    69.509
47.851   69.369
48.193   69.229
48.535   69.089
48.877   68.809
49.218   68.389
49.56   68.249
49.902   68.109
50.244   68.409
50.586   67.589
50.927   67.189
51.269   65.789
51.611   64.389

