0.362   28.0109
0.774   44.3376
1.152   54.8387
1.599   63.0061
2.017   78.1743
2.368   82.8414
2.837   91.0088
3.206   94.5092
3.584   101.51
3.992   108.87
4.368   114.624
4.774   118.439
5.147   125.312
5.584   128.175
5.9505   130.81
6.468   131.021
6.801   132.509
7.179   131.491
7.54   130.672
8.0035   130.805
8.422   131.134
8.778   132.336
9.2195   133.946
9.611   134.932
9.99   135.315
10.428   135.735
10.8135   135.914
11.233   136.761
11.611   136.622
12.078   136.892
12.395   137.061
12.8   137.564
13.151   138.809
13.5975   138.967
13.99   137.062
14.471   135.032
14.8405   133.119
15.179   130.291
15.709   127.304
16.039   125.304
16.4085   124.549
16.8135   123.275
17.206   122.307
17.689   122.223
18.07   122.305
18.449   122.155
18.927   122.125
19.2465   122.619
19.6785   123.239
20.082   123.765
20.503   124.956
20.881   122.368
21.32   119.729
21.611   119.689
22.1375   119.657
22.475   118.802
22.8135   118.595
23.3   117.423
23.6515   116.459
24.1105   115.888
24.538   115.696
24.908   114.785
25.3265   113.747
25.776   110.975
26.07   107.894
26.518   105.677
26.9215   105.436
27.259   105.119
27.756   104.703
28.168   103.272
28.53   102.834
28.881   101.373
29.324   100.867
29.7325   100.971
30.178   99.327
30.561   99.553
30.9755   99.092
31.313   98.9786
31.716   97.2238
32.124   96.0525
32.5425   95.6017
32.954   94.1334
33.3535   97.7199
33.705   97.3841
34.124   97.1316
34.5425   96.9927
34.962   97.0543
35.34   97.1217
35.7585   96.8855
36.151   96.6531
36.5695   96.228
36.9215   96.2098
37.3805   95.7815
37.772   95.5632
