0.362   28.0109
0.774   44.3376
1.152   54.8387
1.599   63.0061
2.017   78.1743
2.368   82.8414
2.837   91.0088
3.206   94.5092
3.584   101.51
3.992   108.87
4.368   115.624
4.774   126.439
5.147   128.312
5.584   133.175
5.9505   134.81
6.468   134.021
6.801   134.509
7.179   134.491
7.54   134.672
8.0035   134.805
8.422   135.134
8.778   136.336
9.2195   136.946
9.611   136.952
9.99   137.315
10.428   137.735
10.8135   137.914
11.233   137.761
11.611   137.822
12.078   137.892
12.395   138.061
12.8   138.564
13.151   138.809
13.5975   138.967
13.99   136.062
14.471   134.032
14.8405   129.119
15.179   128.291
15.709   122.304
16.039   120.304
16.4085   119.549
16.8135   118.275
17.206   117.307
17.689   117.223
18.07   116.305
18.449   116.155
18.927   116.125
19.2465   115.619
19.6785   115.239
20.082   114.765
20.503   113.956
20.881   113.368
21.32   112.729
21.611   111.689
22.1375   110.657
22.475   109.802
22.8135   108.595
23.3   107.423
23.6515   106.459
24.1105   105.888
24.538   105.696
24.908   105.785
25.3265   105.747
25.776   105.975
26.07   105.894
26.518   105.677
26.9215   105.436
27.259   105.119
27.756   104.703
28.168   104.272
28.53   103.834
28.881   103.373
29.324   102.867
29.7325   101.971
30.178   101.327
30.561   100.553
30.9755   100.092
31.313   99.9786
31.716   99.2238
32.124   99.0525
32.5425   98.6017
32.954   98.1334
33.3535   97.7199
33.705   97.3841
34.124   97.1316
34.5425   96.9927
34.962   97.0543
35.34   97.1217
35.7585   96.8855
36.151   96.6531
36.5695   96.228
36.9215   96.2098
37.3805   95.7815
37.772   95.5632
